Now running MotifSetReduce.pl with arguments -m ../results/motif_group/Group1 -l 5 -t 0.09 -c 0.5 ...



Consensus motifs at merging threshold 0.09:

DE	 (12 positions) IC=  7.989
0.066	0.791	0.005	0.138	C	1.041
0.095	0.096	0.087	0.722	T	0.707
0.003	0.111	0.708	0.178	G	0.827
0.095	0.719	0.064	0.122	C	0.711
0.663	0.058	0.003	0.276	A	0.831
0.085	0.106	0.669	0.140	G	0.569
0.252	0.390	0.003	0.356	N	0.413
0.162	0.156	0.679	0.003	G	0.752
0.133	0.673	0.093	0.101	C	0.576
0.621	0.050	0.069	0.260	A	0.586
0.162	0.509	0.172	0.157	N	0.223
0.127	0.069	0.072	0.732	T	0.753
XX
