Now running MotifSetReduce.pl with arguments -m Group7 -l 5 -t 0.09 -c 0.5 ...



Consensus motifs at merging threshold 0.09:

DE	motif_10_8mmmmmm (12 positions) IC= 11.787
0.131	0.048	0.722	0.098	G	0.736
0.043	0.056	0.880	0.022	G	1.290
0.221	0.012	0.747	0.020	G	1.016
0.037	0.001	0.042	0.921	T	1.512
0.145	0.157	0.471	0.227	N	0.180
0.743	0.020	0.208	0.029	A	0.948
0.024	0.157	0.462	0.358	K	0.407
0.495	0.435	0.040	0.030	M	0.635
0.901	0.024	0.040	0.035	A	1.382
0.918	0.025	0.040	0.016	A	1.471
0.738	0.256	0.006	0.001	A	1.121
0.827	0.059	0.089	0.025	A	1.091
XX
