>VTATAAAARNNN	1-VTATAAAARNNN	8.274038	-655.070354	0	T:1116.0(7.30%),B:329.9(1.00%),P:1e-284	Tpos:25.7,Tstd:9.3,Bpos:51.7,Bstd:27.2,StrandBias:10.0,Multiplicity:1.00
0.333	0.302	0.311	0.054
0.001	0.001	0.001	0.997
0.965	0.001	0.001	0.033
0.003	0.001	0.001	0.995
0.995	0.001	0.001	0.003
0.624	0.001	0.001	0.374
0.997	0.001	0.001	0.001
0.590	0.001	0.186	0.223
0.371	0.122	0.347	0.160
0.240	0.290	0.290	0.181
0.268	0.279	0.277	0.175
0.281	0.260	0.277	0.182
>NNKCAGTYDN	1-NNKCAGTYDN	5.053783	-652.158774	0	T:5657.0(36.99%),B:6968.1(21.22%),P:1e-283	Tpos:51.8,Tstd:20.1,Bpos:50.6,Bstd:35.5,StrandBias:10.0,Multiplicity:1.18
0.245	0.261	0.226	0.268
0.288	0.199	0.281	0.232
0.192	0.162	0.284	0.361
0.001	0.997	0.001	0.001
0.976	0.001	0.001	0.022
0.001	0.001	0.826	0.172
0.398	0.001	0.001	0.600
0.267	0.434	0.001	0.298
0.257	0.155	0.332	0.255
0.266	0.227	0.259	0.248
>TGGCAACGYTGC	5-TGGCAACGYTGC	7.779931	-370.948254	0	T:705.0(4.61%),B:245.3(0.75%),P:1e-161	Tpos:29.0,Tstd:18.2,Bpos:48.1,Bstd:29.5,StrandBias:10.0,Multiplicity:1.02
0.063	0.174	0.014	0.749
0.019	0.001	0.807	0.173
0.135	0.001	0.828	0.036
0.004	0.981	0.014	0.001
0.997	0.001	0.001	0.001
0.778	0.053	0.072	0.097
0.001	0.765	0.001	0.233
0.191	0.097	0.572	0.140
0.072	0.428	0.133	0.367
0.123	0.217	0.044	0.616
0.034	0.098	0.696	0.172
0.170	0.430	0.123	0.276
>MWAGATGGCK	6-MWAGATGGCK,BestGuess:MA0531.1_CTCF/Jaspar(0.815)	6.965604	-205.696207	0	T:798.0(5.22%),B:586.3(1.79%),P:1e-89
0.484	0.404	0.068	0.043
0.452	0.140	0.019	0.389
0.997	0.001	0.001	0.001
0.156	0.145	0.622	0.077
0.841	0.001	0.157	0.001
0.018	0.001	0.042	0.939
0.001	0.001	0.997	0.001
0.021	0.001	0.866	0.112
0.023	0.852	0.009	0.116
0.096	0.055	0.448	0.401
>TCTCCGACACGG	9-TCTCCGACACGG,BestGuess:prd/dmmpmm(Noyes)/fly(0.573)	8.566248	-134.767919	0	T:140.0(0.92%),B:8.3(0.03%),P:1e-58
0.001	0.001	0.001	0.997
0.001	0.997	0.001	0.001
0.276	0.001	0.092	0.631
0.001	0.997	0.001	0.001
0.001	0.815	0.001	0.183
0.001	0.001	0.997	0.001
0.997	0.001	0.001	0.001
0.001	0.815	0.001	0.183
0.815	0.183	0.001	0.001
0.001	0.997	0.001	0.001
0.001	0.001	0.997	0.001
0.065	0.001	0.933	0.001
>GGGTGATHAA	8-GGGTGATHAA,BestGuess:CG12361/dmmpmm(Noyes_hd)/fly(0.674)	10.791086	-105.472496	0	T:111.0(0.73%),B:8.0(0.02%),P:1e-45
0.001	0.001	0.997	0.001
0.001	0.001	0.997	0.001
0.001	0.001	0.997	0.001
0.001	0.380	0.001	0.618
0.262	0.127	0.610	0.001
0.872	0.126	0.001	0.001
0.001	0.001	0.392	0.606
0.384	0.361	0.001	0.254
0.997	0.001	0.001	0.001
0.997	0.001	0.001	0.001
>WKYCGAGTGAGC	11-WKYCGAGTGAGC,BestGuess:z/dmmpmm(SeSiMCMC)/fly(0.665)	8.163639	-100.240415	0	T:104.0(0.68%),B:6.1(0.02%),P:1e-43
0.446	0.022	0.174	0.357
0.043	0.036	0.528	0.393
0.011	0.453	0.010	0.526
0.028	0.624	0.029	0.319
0.065	0.045	0.852	0.038
0.660	0.022	0.284	0.034
0.249	0.228	0.472	0.050
0.031	0.227	0.164	0.578
0.031	0.249	0.491	0.228
0.521	0.198	0.240	0.041
0.188	0.194	0.397	0.221
0.041	0.487	0.206	0.267
>CTGTTTAGTCYC	12-CTGTTTAGTCYC,BestGuess:MF0005.1_Forkhead_class/Jaspar(0.707)	9.909245	-95.729655	0	T:110.0(0.72%),B:11.1(0.03%),P:1e-41
0.001	0.997	0.001	0.001
0.065	0.001	0.001	0.933
0.001	0.019	0.901	0.079
0.001	0.019	0.001	0.979
0.001	0.001	0.001	0.997
0.216	0.020	0.020	0.744
0.997	0.001	0.001	0.001
0.020	0.099	0.821	0.060
0.040	0.262	0.236	0.462
0.374	0.585	0.001	0.040
0.178	0.425	0.020	0.376
0.059	0.698	0.001	0.242
>GGCAACAACT	9-GGCAACAACT,BestGuess:Aef1/dmmpmm(Pollard)/fly(0.796)	8.681100	-93.044559	0	T:152.0(0.99%),B:41.1(0.13%),P:1e-40
0.046	0.030	0.923	0.001
0.001	0.001	0.997	0.001
0.029	0.808	0.041	0.122
0.968	0.001	0.001	0.030
0.997	0.001	0.001	0.001
0.001	0.989	0.001	0.009
0.997	0.001	0.001	0.001
0.931	0.012	0.001	0.056
0.001	0.969	0.001	0.029
0.001	0.001	0.029	0.969
>CGCTAGAGGG	10-CGCTAGAGGG,BestGuess:MA0531.1_CTCF/Jaspar(0.599)	7.470390	-91.114645	0	T:268.0(1.75%),B:157.8(0.48%),P:1e-39
0.089	0.821	0.055	0.035
0.097	0.018	0.844	0.041
0.057	0.811	0.056	0.076
0.074	0.142	0.062	0.722
0.914	0.019	0.048	0.019
0.026	0.030	0.859	0.085
0.812	0.066	0.063	0.059
0.023	0.014	0.794	0.169
0.111	0.115	0.689	0.085
0.148	0.029	0.740	0.083
>GAGAAAAGGCGA	13-GAGAAAAGGCGA,BestGuess:MA0459.1_tll/Jaspar(0.628)	11.520154	-88.555803	0	T:105.0(0.69%),B:12.5(0.04%),P:1e-38
0.001	0.001	0.997	0.001
0.986	0.001	0.012	0.001
0.001	0.001	0.997	0.001
0.986	0.012	0.001	0.001
0.997	0.001	0.001	0.001
0.973	0.013	0.001	0.013
0.997	0.001	0.001	0.001
0.013	0.013	0.961	0.013
0.001	0.001	0.718	0.280
0.001	0.960	0.001	0.038
0.013	0.131	0.830	0.026
0.960	0.001	0.001	0.038
>CAACTGCAGTGC	14-CAACTGCAGTGC,BestGuess:Aef1/dmmpmm(Pollard)/fly(0.656)	9.351577	-79.984730	0	T:95.0(0.62%),B:11.7(0.04%),P:1e-34
0.100	0.620	0.171	0.109
0.639	0.094	0.150	0.117
0.624	0.007	0.241	0.128
0.012	0.739	0.077	0.172
0.204	0.118	0.151	0.527
0.099	0.102	0.512	0.287
0.055	0.838	0.036	0.071
0.710	0.040	0.108	0.142
0.125	0.081	0.709	0.085
0.074	0.261	0.068	0.597
0.157	0.098	0.480	0.265
0.186	0.576	0.102	0.136
>TTGTGAATTT	12-TTGTGAATTT,BestGuess:tll/dmmpmm(Papatsenko)/fly(0.784)	6.499862	-66.785012	0	T:1129.0(7.38%),B:1571.7(4.79%),P:1e-29
0.001	0.089	0.015	0.895
0.024	0.074	0.001	0.901
0.088	0.125	0.656	0.131
0.049	0.047	0.001	0.903
0.078	0.176	0.647	0.099
0.951	0.035	0.001	0.013
0.606	0.168	0.113	0.113
0.054	0.060	0.095	0.791
0.001	0.016	0.001	0.982
0.102	0.060	0.170	0.668
>ACACGTGTTT	15-ACACGTGTTT,BestGuess:MF0007.1_bHLH(zip)_class/Jaspar(0.805)	7.090316	-60.925226	0	T:380.0(2.48%),B:371.4(1.13%),P:1e-26
0.770	0.075	0.118	0.037
0.104	0.760	0.081	0.055
0.862	0.046	0.029	0.063
0.049	0.737	0.077	0.137
0.024	0.045	0.781	0.150
0.041	0.044	0.036	0.879
0.055	0.034	0.853	0.058
0.033	0.065	0.071	0.831
0.067	0.095	0.077	0.761
0.090	0.060	0.079	0.771
>TCGTGAAAMGAG	17-TCGTGAAAMGAG,BestGuess:Abd-B/dmmpmm(Noyes_hd)/fly(0.542)	11.786647	-58.525977	0	T:51.0(0.33%),B:0.5(0.00%),P:1e-25
0.001	0.001	0.001	0.997
0.001	0.796	0.116	0.087
0.019	0.001	0.896	0.084
0.168	0.001	0.001	0.830
0.086	0.001	0.912	0.001
0.997	0.001	0.001	0.001
0.997	0.001	0.001	0.001
0.575	0.001	0.001	0.423
0.430	0.568	0.001	0.001
0.171	0.001	0.825	0.003
0.659	0.001	0.084	0.256
0.001	0.001	0.997	0.001
>TGTCAAAA	16-TGTCAAAA,BestGuess:MA0222.1_exd/Jaspar(0.917)	7.031695	-50.285219	0	T:562.0(3.68%),B:694.6(2.12%),P:1e-21
0.001	0.001	0.001	0.997
0.001	0.001	0.997	0.001
0.001	0.001	0.001	0.997
0.001	0.997	0.001	0.001
0.997	0.001	0.001	0.001
0.886	0.001	0.112	0.001
0.775	0.104	0.001	0.120
0.796	0.001	0.001	0.202
>CCWAGACGCAGC	19-CCWAGACGCAGC,BestGuess:POL010.1_DCE_S_III/Jaspar(0.570)	12.190905	-48.189409	0	T:42.0(0.27%),B:0.4(0.00%),P:1e-20
0.112	0.886	0.001	0.001
0.001	0.997	0.001	0.001
0.512	0.001	0.001	0.486
0.744	0.001	0.001	0.254
0.001	0.001	0.997	0.001
0.886	0.001	0.112	0.001
0.001	0.773	0.001	0.225
0.112	0.001	0.886	0.001
0.225	0.773	0.001	0.001
0.997	0.001	0.001	0.001
0.001	0.001	0.997	0.001
0.001	0.886	0.001	0.112
>TTCAAACCTCAT	20-TTCAAACCTCAT,BestGuess:pan/dmmpmm(SeSiMCMC)/fly(0.601)	12.947963	-45.892886	0	T:40.0(0.26%),B:0.8(0.00%),P:1e-19
0.001	0.001	0.001	0.997
0.145	0.001	0.001	0.853
0.001	0.997	0.001	0.001
0.997	0.001	0.001	0.001
0.853	0.001	0.001	0.145
0.853	0.001	0.001	0.145
0.202	0.729	0.068	0.001
0.001	0.997	0.001	0.001
0.001	0.001	0.290	0.708
0.001	0.997	0.001	0.001
0.853	0.001	0.001	0.145
0.001	0.001	0.001	0.997
>GTCTTCAGGGAC	22-GTCTTCAGGGAC,BestGuess:POL008.1_DCE_S_I/Jaspar(0.591)	8.381307	-36.506036	0	T:39.0(0.26%),B:3.8(0.01%),P:1e-15
0.001	0.001	0.997	0.001
0.001	0.001	0.001	0.997
0.001	0.997	0.001	0.001
0.001	0.001	0.001	0.997
0.001	0.001	0.001	0.997
0.001	0.997	0.001	0.001
0.997	0.001	0.001	0.001
0.203	0.001	0.795	0.001
0.011	0.001	0.987	0.001
0.001	0.001	0.997	0.001
0.591	0.204	0.204	0.001
0.001	0.585	0.001	0.413
>CACCAC	15-CACCAC,BestGuess:Run/dmmpmm(Papatsenko)/fly(0.872)	1.656420	-30.697006	0	T:2526.0(16.52%),B:4566.7(13.91%),P:1e-13
0.082	0.916	0.001	0.001
0.984	0.001	0.014	0.001
0.001	0.997	0.001	0.001
0.016	0.982	0.001	0.001
0.997	0.001	0.001	0.001
0.001	0.997	0.001	0.001
>GTATAAAAGG	1-GTATAAAAGG,BestGuess:POL012.1_TATA-Box/Jaspar(0.943)	7.423031	-707.439113	0	T:1177.0(7.71%),B:335.2(1.02%),P:1e-307
0.192	0.115	0.642	0.051
0.001	0.011	0.016	0.972
0.922	0.014	0.017	0.047
0.014	0.008	0.013	0.965
0.954	0.016	0.006	0.024
0.675	0.011	0.015	0.299
0.951	0.017	0.021	0.011
0.803	0.029	0.046	0.122
0.329	0.052	0.539	0.080
0.154	0.224	0.581	0.041
>DTCAGTCG	1-DTCAGTCG,BestGuess:Initiator/Drosophila-Promoters/Homer(0.940)	4.898452	-675.049915	0	T:4008.0(26.26%),B:4093.3(12.46%),P:1e-293
0.224	0.170	0.351	0.254
0.001	0.001	0.257	0.741
0.001	0.997	0.001	0.001
0.997	0.001	0.001	0.001
0.001	0.001	0.997	0.001
0.257	0.001	0.001	0.741
0.037	0.589	0.001	0.373
0.038	0.045	0.840	0.077
>TGGCAACGTTGC	4-TGGCAACGTTGC,BestGuess:Unknown3/Drosophila-Promoters/Homer(0.715)	7.133502	-309.909268	0	T:680.0(4.46%),B:291.0(0.89%),P:1e-134
0.018	0.061	0.024	0.897
0.012	0.012	0.947	0.029
0.059	0.001	0.928	0.012
0.011	0.987	0.001	0.001
0.987	0.001	0.011	0.001
0.926	0.001	0.050	0.023
0.011	0.831	0.001	0.157
0.106	0.059	0.788	0.047
0.035	0.270	0.031	0.664
0.111	0.226	0.071	0.592
0.047	0.047	0.835	0.071
0.161	0.507	0.054	0.278
>GTCTGCTA	4-GTCTGCTA,BestGuess:grh/dmmpmm(Papatsenko)/fly(0.672)	8.411523	-270.031165	0	T:471.0(3.09%),B:142.5(0.43%),P:1e-117
0.001	0.001	0.997	0.001
0.001	0.101	0.001	0.897
0.001	0.997	0.001	0.001
0.001	0.001	0.001	0.997
0.001	0.001	0.997	0.001
0.001	0.997	0.001	0.001
0.001	0.001	0.001	0.997
0.692	0.001	0.001	0.306
>CWAGATGGCG	8-CWAGATGGCG,BestGuess:MA0531.1_CTCF/Jaspar(0.853)	7.285767	-195.186452	0	T:573.0(3.75%),B:335.6(1.02%),P:1e-84
0.227	0.497	0.142	0.134
0.425	0.239	0.009	0.328
0.901	0.060	0.014	0.025
0.174	0.100	0.652	0.074
0.780	0.009	0.168	0.043
0.074	0.014	0.095	0.817
0.046	0.006	0.926	0.022
0.087	0.032	0.749	0.132
0.098	0.796	0.025	0.081
0.109	0.079	0.615	0.197
>GGGTGATAAAAA	7-GGGTGATAAAAA,BestGuess:CG12361/dmmpmm(Noyes_hd)/fly(0.698)	12.868918	-126.538247	0	T:117.0(0.77%),B:2.3(0.01%),P:1e-54
0.126	0.001	0.872	0.001
0.001	0.126	0.872	0.001
0.126	0.001	0.872	0.001
0.001	0.001	0.001	0.997
0.185	0.038	0.776	0.001
0.997	0.001	0.001	0.001
0.001	0.007	0.405	0.587
0.617	0.128	0.254	0.001
0.997	0.001	0.001	0.001
0.997	0.001	0.001	0.001
0.872	0.126	0.001	0.001
0.997	0.001	0.001	0.001
>GCATCTCCGACA	8-GCATCTCCGACA,BestGuess:Mad/dmmpmm(SeSiMCMC)/fly(0.547)	11.426539	-112.410421	0	T:133.0(0.87%),B:15.2(0.05%),P:1e-48
0.001	0.001	0.989	0.009
0.001	0.707	0.092	0.200
0.989	0.001	0.009	0.001
0.001	0.009	0.001	0.989
0.001	0.997	0.001	0.001
0.019	0.001	0.001	0.979
0.001	0.989	0.001	0.009
0.001	0.989	0.001	0.009
0.010	0.010	0.970	0.010
0.989	0.001	0.001	0.009
0.001	0.997	0.001	0.001
0.962	0.036	0.001	0.001
>CTGTTTAGTT	12-CTGTTTAGTT,BestGuess:MF0005.1_Forkhead_class/Jaspar(0.787)	6.256688	-104.087213	0	T:584.0(3.83%),B:540.1(1.64%),P:1e-45
0.118	0.496	0.222	0.164
0.258	0.108	0.139	0.496
0.059	0.114	0.695	0.132
0.067	0.118	0.157	0.658
0.065	0.142	0.103	0.690
0.139	0.207	0.063	0.591
0.739	0.084	0.057	0.120
0.050	0.197	0.642	0.111
0.173	0.150	0.067	0.610
0.187	0.211	0.083	0.519
>GGYAACAACTKC	10-GGYAACAACTKC,BestGuess:Aef1/dmmpmm(Pollard)/fly(0.711)	11.614125	-98.178497	0	T:114.0(0.75%),B:12.9(0.04%),P:1e-42
0.119	0.001	0.879	0.001
0.001	0.001	0.944	0.054
0.084	0.400	0.001	0.515
0.997	0.001	0.001	0.001
0.997	0.001	0.001	0.001
0.001	0.996	0.002	0.001
0.957	0.001	0.041	0.001
0.951	0.001	0.006	0.042
0.001	0.915	0.001	0.083
0.042	0.084	0.001	0.873
0.042	0.052	0.523	0.383
0.001	0.957	0.001	0.041
>AGAGAAAAGGCG	12-AGAGAAAAGGCG,BestGuess:pan/dmmpmm(Bergman)/fly(0.625)	11.402256	-76.319123	0	T:98.0(0.64%),B:15.1(0.05%),P:1e-33
0.986	0.012	0.001	0.001
0.001	0.001	0.997	0.001
0.986	0.012	0.001	0.001
0.001	0.001	0.997	0.001
0.997	0.001	0.001	0.001
0.997	0.001	0.001	0.001
0.986	0.001	0.001	0.012
0.997	0.001	0.001	0.001
0.026	0.013	0.948	0.013
0.013	0.001	0.719	0.267
0.001	0.973	0.001	0.025
0.039	0.067	0.893	0.001
>CGCACGTG	11-CGCACGTG,BestGuess:MF0007.1_bHLH(zip)_class/Jaspar(0.802)	7.314919	-74.648503	0	T:389.0(2.55%),B:346.3(1.05%),P:1e-32
0.203	0.592	0.001	0.204
0.345	0.072	0.582	0.001
0.001	0.585	0.413	0.001
0.880	0.001	0.001	0.118
0.001	0.955	0.043	0.001
0.001	0.001	0.997	0.001
0.001	0.056	0.001	0.942
0.001	0.086	0.709	0.204
>GTTTTGACWT	15-GTTTTGACWT,BestGuess:gt/dmmpmm(Bigfoot)/fly(0.772)	6.576001	-73.666957	0	T:548.0(3.59%),B:581.8(1.77%),P:1e-31
0.231	0.109	0.410	0.250
0.192	0.001	0.001	0.806
0.001	0.001	0.203	0.795
0.002	0.203	0.255	0.540
0.001	0.001	0.254	0.744
0.150	0.145	0.471	0.234
0.732	0.001	0.126	0.141
0.288	0.465	0.087	0.161
0.437	0.001	0.196	0.366
0.176	0.196	0.178	0.450
>CCGCTAGAGG	16-CCGCTAGAGG,BestGuess:ovo/dmmpmm(Bigfoot)/fly(0.591)	8.755729	-71.251794	0	T:114.0(0.75%),B:30.3(0.09%),P:1e-30
0.105	0.808	0.070	0.017
0.001	0.982	0.016	0.001
0.017	0.001	0.965	0.017
0.022	0.839	0.122	0.017
0.001	0.001	0.001	0.997
0.982	0.001	0.016	0.001
0.009	0.001	0.989	0.001
0.989	0.001	0.009	0.001
0.001	0.037	0.687	0.275
0.017	0.052	0.879	0.052
>TCAACATGAAGG	17-TCAACATGAAGG,BestGuess:Eip74EF/dmmpmm(Pollard)/fly(0.652)	11.008827	-51.018053	0	T:50.0(0.33%),B:2.8(0.01%),P:1e-22
0.086	0.058	0.001	0.855
0.002	0.854	0.143	0.001
0.997	0.001	0.001	0.001
0.771	0.114	0.001	0.114
0.145	0.683	0.115	0.057
0.884	0.001	0.001	0.114
0.028	0.001	0.143	0.828
0.001	0.030	0.968	0.001
0.960	0.038	0.001	0.001
0.884	0.001	0.001	0.114
0.092	0.057	0.736	0.115
0.086	0.172	0.597	0.145
>TGGTCGTGACGT	18-TGGTCGTGACGT,BestGuess:MF0002.1_bZIP_CREB/G-box-like_subclass/Jaspar(0.722)	11.415066	-50.563346	0	T:44.0(0.29%),B:0.9(0.00%),P:1e-21
0.001	0.082	0.001	0.916
0.001	0.202	0.595	0.202
0.100	0.001	0.898	0.001
0.001	0.001	0.001	0.997
0.101	0.589	0.001	0.309
0.100	0.001	0.898	0.001
0.001	0.001	0.001	0.997
0.001	0.404	0.594	0.001
0.997	0.001	0.001	0.001
0.001	0.997	0.001	0.001
0.001	0.001	0.898	0.100
0.001	0.001	0.001	0.997
>CGAGTGTCTTCA	20-CGAGTGTCTTCA,BestGuess:z/dmmpmm(Down)/fly(0.591)	10.377944	-39.812452	0	T:42.0(0.28%),B:3.3(0.01%),P:1e-17
0.067	0.843	0.045	0.045
0.046	0.023	0.908	0.023
0.888	0.001	0.044	0.067
0.045	0.090	0.776	0.089
0.045	0.045	0.045	0.865
0.001	0.156	0.754	0.089
0.067	0.023	0.045	0.865
0.090	0.774	0.067	0.069
0.044	0.001	0.089	0.866
0.045	0.022	0.089	0.844
0.067	0.821	0.067	0.045
0.821	0.022	0.046	0.111
>CCACAACAAC	22-CCACAACAAC,BestGuess:Aef1/dmmpmm(Pollard)/fly(0.821)	5.019186	-36.858076	0	T:1716.0(11.24%),B:2903.5(8.84%),P:1e-16
0.104	0.678	0.092	0.126
0.167	0.610	0.121	0.102
0.705	0.105	0.094	0.096
0.108	0.727	0.079	0.086
0.696	0.117	0.086	0.101
0.715	0.097	0.080	0.108
0.090	0.765	0.078	0.067
0.701	0.101	0.082	0.116
0.693	0.111	0.112	0.084
0.109	0.711	0.089	0.09
>AATGGGCGAAAC	22-AATGGGCGAAAC,BestGuess:MA0443.1_btd/Jaspar(0.631)	10.902053	-36.679737	0	T:41.0(0.27%),B:5.0(0.02%),P:1e-15
0.911	0.029	0.059	0.001
0.852	0.059	0.088	0.001
0.062	0.059	0.060	0.819
0.118	0.001	0.793	0.088
0.066	0.001	0.904	0.029
0.089	0.030	0.763	0.118
0.030	0.909	0.030	0.031
0.119	0.059	0.821	0.001
0.615	0.266	0.089	0.030
0.969	0.001	0.001	0.029
0.793	0.059	0.089	0.059
0.059	0.881	0.059	0.001
>TCTTCAGGGA	23-TCTTCAGGGA,BestGuess:MA0026.1_Eip74EF/Jaspar(0.604)	10.591708	-32.166634	0	T:28.0(0.18%),B:0.9(0.00%),P:1e-13
0.001	0.001	0.001	0.997
0.001	0.997	0.001	0.001
0.001	0.001	0.001	0.997
0.039	0.001	0.001	0.959
0.001	0.997	0.001	0.001
0.997	0.001	0.001	0.001
0.001	0.001	0.997	0.001
0.001	0.001	0.997	0.001
0.001	0.001	0.997	0.001
0.997	0.001	0.001	0.001
>GTATAAAAASVV	1-GTATAAAAASVV,BestGuess:POL012.1_TATA-Box/Jaspar(0.974)	7.757635	-693.529167	0	T:1219.0(8.02%),B:385.2(1.17%),P:1e-301
0.219	0.254	0.455	0.072
0.016	0.056	0.044	0.884
0.884	0.009	0.004	0.103
0.004	0.008	0.040	0.948
0.976	0.008	0.004	0.012
0.667	0.001	0.043	0.289
0.976	0.004	0.016	0.004
0.679	0.001	0.083	0.237
0.458	0.115	0.295	0.131
0.195	0.259	0.373	0.172
0.290	0.219	0.347	0.144
0.229	0.253	0.370	0.147
>NDTCAGTCDN	1-NDTCAGTCDN,BestGuess:Initiator/Drosophila-Promoters/Homer(0.912)	5.039693	-636.059893	0	T:4949.0(32.57%),B:5810.6(17.72%),P:1e-276
0.238	0.273	0.252	0.237
0.259	0.065	0.314	0.362
0.027	0.117	0.309	0.547
0.051	0.812	0.025	0.112
0.988	0.001	0.001	0.010
0.001	0.023	0.837	0.139
0.249	0.001	0.001	0.749
0.139	0.588	0.135	0.138
0.275	0.021	0.379	0.325
0.213	0.254	0.243	0.289
>AWHTGGCAACRY	4-AWHTGGCAACRY,BestGuess:Unknown3/Drosophila-Promoters/Homer(0.809)	7.644946	-319.898641	0	T:748.0(4.92%),B:347.0(1.06%),P:1e-138
0.738	0.031	0.164	0.067
0.366	0.177	0.085	0.371
0.201	0.341	0.164	0.295
0.058	0.310	0.012	0.620
0.001	0.001	0.969	0.029
0.285	0.001	0.650	0.064
0.001	0.997	0.001	0.001
0.997	0.001	0.001	0.001
0.799	0.001	0.115	0.085
0.001	0.852	0.001	0.146
0.361	0.073	0.442	0.123
0.103	0.317	0.213	0.367
>WAGATGGCKN	6-WAGATGGCKN,BestGuess:MA0531.1_CTCF/Jaspar(0.794)	6.789380	-199.125892	0	T:733.0(4.82%),B:521.9(1.59%),P:1e-86
0.407	0.242	0.024	0.326
0.957	0.017	0.010	0.016
0.202	0.167	0.492	0.139
0.622	0.029	0.321	0.028
0.012	0.023	0.237	0.728
0.013	0.025	0.941	0.021
0.046	0.025	0.673	0.256
0.208	0.730	0.012	0.050
0.153	0.167	0.352	0.327
0.200	0.231	0.320	0.249
>AAGTCGTCTG	7-AAGTCGTCTG,BestGuess:Med/dmmpmm(Pollard)/fly(0.558)	7.780271	-192.540860	0	T:469.0(3.09%),B:227.3(0.69%),P:1e-83
0.687	0.117	0.103	0.093
0.689	0.043	0.129	0.139
0.065	0.039	0.794	0.102
0.079	0.065	0.103	0.753
0.047	0.805	0.053	0.095
0.044	0.046	0.854	0.056
0.057	0.047	0.045	0.851
0.030	0.869	0.061	0.040
0.041	0.042	0.057	0.860
0.047	0.087	0.843	0.023
>GGGTDAGAAAAA	8-GGGTDAGAAAAA,BestGuess:MA0216.2_CAD/Jaspar(0.662)	11.517848	-120.135849	0	T:124.0(0.82%),B:7.2(0.02%),P:1e-52
0.001	0.001	0.921	0.077
0.001	0.001	0.997	0.001
0.001	0.001	0.997	0.001
0.001	0.001	0.001	0.997
0.311	0.078	0.300	0.311
0.997	0.001	0.001	0.001
0.001	0.077	0.594	0.328
0.672	0.326	0.001	0.001
0.997	0.001	0.001	0.001
0.921	0.001	0.077	0.001
0.921	0.077	0.001	0.001
0.997	0.001	0.001	0.001
>ATCTCCGACA	10-ATCTCCGACA,BestGuess:Mad/dmmpmm(SeSiMCMC)/fly(0.585)	9.022507	-115.376569	0	T:130.0(0.86%),B:12.5(0.04%),P:1e-50
0.979	0.001	0.019	0.001
0.001	0.001	0.001	0.997
0.009	0.989	0.001	0.001
0.001	0.001	0.001	0.997
0.001	0.997	0.001	0.001
0.001	0.997	0.001	0.001
0.001	0.001	0.989	0.009
0.979	0.010	0.010	0.001
0.011	0.987	0.001	0.001
0.950	0.048	0.001	0.001
>ACACGDYAACAA	10-ACACGDYAACAA,BestGuess:Aef1/dmmpmm(Bergman)/fly(0.643)	10.385433	-108.154213	0	T:142.0(0.93%),B:23.7(0.07%),P:1e-46
0.849	0.095	0.034	0.022
0.011	0.933	0.023	0.033
0.775	0.169	0.045	0.011
0.196	0.657	0.125	0.022
0.323	0.112	0.564	0.001
0.310	0.011	0.349	0.330
0.194	0.434	0.034	0.338
0.853	0.011	0.113	0.023
0.832	0.022	0.124	0.022
0.272	0.639	0.078	0.011
0.933	0.011	0.045	0.011
0.547	0.022	0.273	0.158
>TTAGTG	8-TTAGTG,BestGuess:br-Z4/dmmpmm(Pollard)/fly(0.800)	1.374723	-104.878090	0	T:2609.0(17.17%),B:4024.5(12.27%),P:1e-45
0.001	0.001	0.001	0.997
0.001	0.021	0.001	0.977
0.997	0.001	0.001	0.001
0.001	0.001	0.997	0.001
0.001	0.001	0.001	0.997
0.182	0.001	0.816	0.001
>CTGCAGHGCACT	12-CTGCAGHGCACT,BestGuess:vnd/dmmpmm(Pollard)/fly(0.570)	9.743371	-84.181318	0	T:95.0(0.63%),B:9.1(0.03%),P:1e-36
0.066	0.791	0.005	0.138
0.095	0.096	0.087	0.722
0.003	0.111	0.708	0.178
0.095	0.719	0.064	0.122
0.663	0.058	0.003	0.276
0.085	0.106	0.669	0.140
0.252	0.390	0.003	0.356
0.162	0.156	0.679	0.003
0.133	0.673	0.093	0.101
0.621	0.050	0.069	0.260
0.162	0.509	0.172	0.157
0.127	0.069	0.072	0.732
>GAGAAAAGGCGA	13-GAGAAAAGGCGA,BestGuess:MA0459.1_tll/Jaspar(0.623)	10.872374	-83.261541	0	T:103.0(0.68%),B:14.4(0.04%),P:1e-36
0.006	0.001	0.992	0.001
0.986	0.001	0.012	0.001
0.001	0.012	0.986	0.001
0.986	0.012	0.001	0.001
0.997	0.001	0.001	0.001
0.975	0.012	0.001	0.012
0.997	0.001	0.001	0.001
0.013	0.013	0.961	0.013
0.012	0.001	0.729	0.258
0.001	0.961	0.001	0.037
0.013	0.103	0.871	0.013
0.961	0.001	0.001	0.037
>CCGCTAGAGG	12-CCGCTAGAGG,BestGuess:ovo/dmmpmm(Bigfoot)/fly(0.598)	8.196268	-82.378405	0	T:155.0(1.02%),B:54.6(0.17%),P:1e-35
0.089	0.822	0.074	0.015
0.001	0.984	0.014	0.001
0.014	0.001	0.984	0.001
0.015	0.896	0.074	0.015
0.001	0.001	0.001	0.997
0.997	0.001	0.001	0.001
0.014	0.001	0.984	0.001
0.969	0.001	0.029	0.001
0.018	0.042	0.622	0.318
0.015	0.059	0.882	0.044
>TACTGTTTAG	13-TACTGTTTAG,BestGuess:MF0005.1_Forkhead_class/Jaspar(0.721)	9.833482	-78.895023	0	T:118.0(0.78%),B:27.3(0.08%),P:1e-34
0.132	0.007	0.049	0.812
0.646	0.016	0.270	0.068
0.007	0.985	0.001	0.007
0.007	0.013	0.001	0.979
0.001	0.001	0.950	0.048
0.001	0.012	0.001	0.986
0.001	0.012	0.001	0.986
0.001	0.007	0.013	0.979
0.997	0.001	0.001	0.001
0.001	0.039	0.944	0.016
>TTTGACAG	14-TTTGACAG,BestGuess:Achi/dmmpmm(Noyes_hd)/fly(0.959)	6.750559	-70.963836	0	T:645.0(4.25%),B:744.6(2.27%),P:1e-30
0.020	0.058	0.045	0.877
0.025	0.117	0.001	0.857
0.028	0.001	0.001	0.970
0.031	0.001	0.967	0.001
0.968	0.001	0.030	0.001
0.020	0.965	0.001	0.014
0.997	0.001	0.001	0.001
0.104	0.111	0.688	0.097
>CAACATGAAG	19-CAACATGAAG,BestGuess:Eip74EF/dmmpmm(Pollard)/fly(0.667)	8.215419	-56.121209	0	T:191.0(1.26%),B:129.4(0.39%),P:1e-24
0.001	0.968	0.030	0.001
0.965	0.015	0.019	0.001
0.895	0.032	0.001	0.072
0.081	0.878	0.040	0.001
0.978	0.001	0.008	0.013
0.027	0.020	0.009	0.944
0.001	0.031	0.967	0.001
0.840	0.158	0.001	0.001
0.968	0.001	0.019	0.012
0.152	0.001	0.809	0.038
>GTCGTGACGTTT	16-GTCGTGACGTTT,BestGuess:MF0002.1_bZIP_CREB/G-box-like_subclass/Jaspar(0.722)	9.630172	-54.784957	0	T:87.0(0.57%),B:23.6(0.07%),P:1e-23
0.109	0.061	0.770	0.060
0.036	0.085	0.048	0.831
0.097	0.754	0.060	0.089
0.036	0.084	0.783	0.097
0.036	0.036	0.060	0.868
0.133	0.060	0.759	0.048
0.844	0.048	0.024	0.084
0.036	0.867	0.024	0.073
0.036	0.024	0.904	0.036
0.012	0.072	0.048	0.868
0.012	0.024	0.084	0.880
0.036	0.024	0.048	0.892
>AGCAGAAATGGG	18-AGCAGAAATGGG,BestGuess:grh/dmmpmm(Papatsenko)/fly(0.620)	10.665252	-49.820444	0	T:57.0(0.38%),B:6.8(0.02%),P:1e-21
0.871	0.022	0.064	0.043
0.064	0.021	0.893	0.022
0.082	0.875	0.021	0.022
0.811	0.082	0.021	0.086
0.128	0.001	0.850	0.021
0.977	0.001	0.021	0.001
0.914	0.001	0.043	0.042
0.803	0.064	0.112	0.021
0.108	0.043	0.064	0.785
0.086	0.064	0.743	0.107
0.128	0.001	0.764	0.107
0.001	0.214	0.739	0.046
>GTCTTCAGGGAC	20-GTCTTCAGGGAC,BestGuess:MA0026.1_Eip74EF/Jaspar(0.548)	11.988399	-44.886142	0	T:39.0(0.26%),B:0.4(0.00%),P:1e-19
0.036	0.001	0.962	0.001
0.001	0.001	0.001	0.997
0.001	0.828	0.001	0.170
0.001	0.001	0.001	0.997
0.170	0.001	0.001	0.828
0.001	0.997	0.001	0.001
0.997	0.001	0.001	0.001
0.001	0.001	0.997	0.001
0.170	0.001	0.828	0.001
0.170	0.001	0.828	0.001
0.828	0.001	0.170	0.001
0.001	0.972	0.001	0.026
>TGAAACGAGA	22-TGAAACGAGA,BestGuess:MA0204.1_Six4/Jaspar(0.738)	9.240363	-43.319267	0	T:99.0(0.65%),B:46.2(0.14%),P:1e-18
0.001	0.001	0.001	0.997
0.008	0.001	0.935	0.056
0.940	0.058	0.001	0.001
0.590	0.077	0.247	0.086
0.900	0.001	0.038	0.061
0.001	0.990	0.008	0.001
0.001	0.230	0.768	0.001
0.884	0.001	0.077	0.038
0.006	0.008	0.982	0.004
0.633	0.001	0.032	0.334
>MCMACMAC	20-MCMACMAC,BestGuess:Aef1/dmmpmm(Pollard)/fly(0.863)	6.150216	-37.640383	0	T:1316.0(8.66%),B:2137.6(6.52%),P:1e-16
0.448	0.450	0.100	0.003
0.001	0.580	0.209	0.210
0.520	0.383	0.096	0.001
0.997	0.001	0.001	0.001
0.001	0.997	0.001	0.001
0.441	0.330	0.001	0.228
0.873	0.088	0.001	0.038
0.001	0.997	0.001	0.001
>TTTGTT	17-TTTGTT,BestGuess:MF0011.1_HMG_class/Jaspar(0.840)	5.510330	-35.471933	0	T:3308.0(21.77%),B:6102.3(18.61%),P:1e-15
0.087	0.001	0.001	0.911
0.001	0.075	0.107	0.817
0.001	0.276	0.001	0.722
0.001	0.001	0.997	0.001
0.001	0.001	0.001	0.997
0.113	0.001	0.001	0.885
>GACGCAGCAG	23-GACGCAGCAG,BestGuess:MA0530.1_CNC::maf-S/Jaspar(0.651)	9.662332	-35.144229	0	T:46.0(0.30%),B:8.3(0.03%),P:1e-15
0.001	0.001	0.997	0.001
0.997	0.001	0.001	0.001
0.001	0.997	0.001	0.001
0.001	0.001	0.997	0.001
0.001	0.950	0.017	0.032
0.997	0.001	0.001	0.001
0.001	0.001	0.997	0.001
0.001	0.997	0.001	0.001
0.903	0.032	0.001	0.064
0.001	0.001	0.997	0.001
>GCGCGAGT	21-GCGCGAGT,BestGuess:brk/dmmpmm(Papatsenko)/fly(0.660)	8.723541	-33.046090	0	T:89.0(0.59%),B:50.8(0.15%),P:1e-14
0.001	0.001	0.997	0.001
0.001	0.997	0.001	0.001
0.001	0.001	0.997	0.001
0.001	0.997	0.001	0.001
0.001	0.001	0.845	0.153
0.997	0.001	0.001	0.001
0.001	0.001	0.885	0.113
0.001	0.001	0.001	0.997
>GTATAAAARVVG	1-GTATAAAARVVG,BestGuess:POL012.1_TATA-Box/Jaspar(0.970)	8.215822	-710.901402	0	T:1124.0(7.38%),B:291.8(0.89%),P:1e-308
0.221	0.263	0.445	0.071
0.001	0.001	0.004	0.994
0.997	0.001	0.001	0.001
0.004	0.001	0.001	0.994
0.997	0.001	0.001	0.001
0.660	0.001	0.005	0.334
0.997	0.001	0.001	0.001
0.845	0.001	0.011	0.143
0.422	0.087	0.415	0.076
0.231	0.309	0.356	0.104
0.247	0.342	0.296	0.115
0.221	0.231	0.396	0.152
>GNCAGTCK	2-GNCAGTCK,BestGuess:Initiator/Drosophila-Promoters/Homer(0.847)	4.702476	-570.454830	0	T:5143.0(33.79%),B:6387.5(19.44%),P:1e-247
0.225	0.168	0.395	0.211
0.214	0.243	0.208	0.336
0.001	0.832	0.001	0.166
0.878	0.001	0.120	0.001
0.001	0.071	0.748	0.180
0.230	0.001	0.001	0.768
0.001	0.796	0.095	0.108
0.189	0.001	0.439	0.370
>TGGCAACGYTGH	4-TGGCAACGYTGH,BestGuess:Unknown3/Drosophila-Promoters/Homer(0.774)	7.562695	-373.826381	0	T:774.0(5.09%),B:308.9(0.94%),P:1e-162
0.039	0.168	0.022	0.771
0.017	0.017	0.848	0.118
0.118	0.001	0.842	0.039
0.027	0.971	0.001	0.001
0.982	0.001	0.016	0.001
0.820	0.045	0.056	0.079
0.001	0.870	0.001	0.128
0.264	0.123	0.517	0.096
0.078	0.382	0.185	0.354
0.157	0.275	0.051	0.517
0.051	0.107	0.645	0.197
0.225	0.309	0.151	0.315
>GTCYGC	5-GTCYGC,BestGuess:grh/dmmpmm(Papatsenko)/fly(0.642)	5.818275	-289.908921	0	T:1153.0(7.58%),B:874.1(2.66%),P:1e-125
0.289	0.203	0.500	0.008
0.001	0.072	0.249	0.678
0.001	0.929	0.001	0.069
0.078	0.429	0.001	0.493
0.132	0.100	0.760	0.008
0.016	0.696	0.287	0.001
>CMAGATGGCG	8-CMAGATGGCG,BestGuess:MA0531.1_CTCF/Jaspar(0.803)	7.027852	-220.070174	0	T:800.0(5.26%),B:564.2(1.72%),P:1e-95
0.265	0.436	0.086	0.213
0.433	0.306	0.001	0.261
0.997	0.001	0.001	0.001
0.167	0.242	0.508	0.083
0.844	0.001	0.154	0.001
0.010	0.001	0.153	0.836
0.087	0.001	0.911	0.001
0.001	0.001	0.845	0.153
0.066	0.719	0.001	0.214
0.121	0.118	0.470	0.290
>CGACACGGCAAC	8-CGACACGGCAAC,BestGuess:prd/dmmpmm(Noyes)/fly(0.593)	11.406109	-128.759468	0	T:127.0(0.83%),B:5.8(0.02%),P:1e-55
0.001	0.997	0.001	0.001
0.009	0.009	0.981	0.001
0.990	0.001	0.001	0.008
0.009	0.964	0.009	0.018
0.981	0.017	0.001	0.001
0.001	0.990	0.008	0.001
0.001	0.001	0.997	0.001
0.033	0.001	0.912	0.054
0.001	0.823	0.009	0.167
0.997	0.001	0.001	0.001
0.990	0.001	0.001	0.008
0.001	0.990	0.008	0.001
>GGGTGATAAAAA	9-GGGTGATAAAAA,BestGuess:hb/dmmpmm(Pollard)/fly(0.719)	12.045795	-107.594057	0	T:108.0(0.71%),B:5.6(0.02%),P:1e-46
0.088	0.022	0.800	0.090
0.157	0.191	0.628	0.024
0.022	0.088	0.802	0.088
0.023	0.045	0.111	0.821
0.091	0.106	0.736	0.067
0.821	0.045	0.046	0.088
0.067	0.257	0.236	0.441
0.710	0.287	0.001	0.002
0.845	0.001	0.088	0.066
0.864	0.089	0.025	0.022
0.889	0.088	0.022	0.001
0.822	0.067	0.066	0.045
>GAGCATCTCC	9-GAGCATCTCC,BestGuess:Rel/dmmpmm(Bergman)/fly(0.585)	9.427742	-102.616838	0	T:138.0(0.91%),B:24.8(0.08%),P:1e-44
0.001	0.001	0.997	0.001
0.989	0.001	0.009	0.001
0.001	0.001	0.997	0.001
0.001	0.695	0.064	0.240
0.979	0.001	0.019	0.001
0.001	0.001	0.001	0.997
0.021	0.977	0.001	0.001
0.046	0.010	0.001	0.943
0.001	0.997	0.001	0.001
0.001	0.997	0.001	0.001
>CTGCAGCGCACT	10-CTGCAGCGCACT,BestGuess:vnd/dmmpmm(Pollard)/fly(0.544)	11.332675	-100.908354	0	T:97.0(0.64%),B:3.8(0.01%),P:1e-43
0.025	0.899	0.025	0.051
0.051	0.076	0.025	0.848
0.001	0.001	0.945	0.053
0.025	0.925	0.025	0.025
0.856	0.001	0.001	0.142
0.025	0.051	0.848	0.076
0.152	0.550	0.001	0.297
0.025	0.051	0.873	0.051
0.050	0.924	0.025	0.001
0.767	0.025	0.051	0.157
0.102	0.695	0.076	0.127
0.051	0.025	0.025	0.899
>AGTCGAGTGAGC	11-AGTCGAGTGAGC,BestGuess:MA0247.2_tin/Jaspar(0.677)	9.440196	-95.044415	0	T:139.0(0.91%),B:30.4(0.09%),P:1e-41
0.703	0.081	0.027	0.189
0.001	0.027	0.891	0.081
0.001	0.162	0.054	0.783
0.001	0.891	0.027	0.081
0.001	0.081	0.864	0.054
0.892	0.027	0.027	0.054
0.027	0.027	0.945	0.001
0.027	0.081	0.054	0.838
0.027	0.081	0.838	0.054
0.676	0.081	0.135	0.108
0.054	0.027	0.892	0.027
0.027	0.865	0.081	0.027
>GAGAAAAGGCGA	12-GAGAAAAGGCGA,BestGuess:dl/dmmpmm(Pollard)/fly(0.622)	11.582425	-92.739807	0	T:103.0(0.68%),B:9.4(0.03%),P:1e-40
0.001	0.001	0.997	0.001
0.985	0.001	0.013	0.001
0.001	0.001	0.997	0.001
0.997	0.001	0.001	0.001
0.997	0.001	0.001	0.001
0.973	0.013	0.001	0.013
0.997	0.001	0.001	0.001
0.014	0.014	0.958	0.014
0.001	0.001	0.774	0.224
0.001	0.958	0.001	0.040
0.014	0.122	0.823	0.041
0.958	0.001	0.001	0.040
>GCTGTTTAGTAT	13-GCTGTTTAGTAT,BestGuess:MF0005.1_Forkhead_class/Jaspar(0.780)	7.893801	-88.499178	0	T:170.0(1.12%),B:61.3(0.19%),P:1e-38
0.272	0.001	0.614	0.113
0.001	0.726	0.001	0.272
0.001	0.001	0.001	0.997
0.001	0.001	0.997	0.001
0.001	0.001	0.001	0.997
0.001	0.001	0.001	0.997
0.001	0.001	0.022	0.976
0.997	0.001	0.001	0.001
0.023	0.227	0.455	0.295
0.158	0.001	0.001	0.840
0.795	0.136	0.068	0.001
0.204	0.045	0.001	0.750
>TCTCCGAC	11-TCTCCGAC,BestGuess:POL013.1_MED-1/Jaspar(0.638)	8.236954	-83.035415	0	T:158.0(1.04%),B:56.3(0.17%),P:1e-36
0.100	0.100	0.100	0.700
0.100	0.700	0.100	0.100
0.100	0.100	0.100	0.700
0.100	0.700	0.100	0.100
0.100	0.700	0.100	0.100
0.100	0.100	0.700	0.100
0.700	0.100	0.100	0.100
0.100	0.700	0.100	0.100
>AAAGCATCAGTT	14-AAAGCATCAGTT,BestGuess:Initiator/Drosophila-Promoters/Homer(0.763)	10.513570	-82.518911	0	T:119.0(0.78%),B:25.5(0.08%),P:1e-35
0.630	0.121	0.075	0.174
0.826	0.136	0.037	0.001
0.466	0.001	0.230	0.303
0.039	0.119	0.638	0.204
0.047	0.791	0.001	0.161
0.997	0.001	0.001	0.001
0.001	0.001	0.037	0.961
0.001	0.961	0.001	0.037
0.997	0.001	0.001	0.001
0.001	0.037	0.925	0.037
0.037	0.001	0.037	0.925
0.038	0.152	0.038	0.772
>GTTAGT	11-GTTAGT,BestGuess:br-Z4/dmmpmm(Pollard)/fly(0.713)	6.575700	-81.102025	0	T:1497.0(9.84%),B:2146.1(6.53%),P:1e-35
0.001	0.001	0.748	0.250
0.001	0.237	0.001	0.761
0.001	0.001	0.001	0.997
0.997	0.001	0.001	0.001
0.001	0.001	0.997	0.001
0.001	0.001	0.001	0.997
>CGCTAGAGGG	14-CGCTAGAGGG,BestGuess:MA0531.1_CTCF/Jaspar(0.596)	7.611202	-77.798942	0	T:177.0(1.16%),B:80.5(0.24%),P:1e-33
0.070	0.800	0.084	0.046
0.060	0.054	0.855	0.031
0.056	0.818	0.072	0.054
0.086	0.106	0.043	0.765
0.865	0.073	0.039	0.023
0.028	0.054	0.823	0.095
0.802	0.050	0.098	0.050
0.066	0.035	0.778	0.121
0.109	0.078	0.740	0.073
0.136	0.024	0.761	0.079
>TCCAAGACGCAG	16-TCCAAGACGCAG,BestGuess:POL008.1_DCE_S_I/Jaspar(0.516)	10.031654	-65.353246	0	T:60.0(0.39%),B:1.9(0.01%),P:1e-28
0.001	0.001	0.001	0.997
0.001	0.997	0.001	0.001
0.001	0.997	0.001	0.001
0.815	0.001	0.061	0.123
0.937	0.032	0.001	0.030
0.121	0.109	0.769	0.001
0.997	0.001	0.001	0.001
0.001	0.669	0.030	0.300
0.001	0.001	0.997	0.001
0.269	0.729	0.001	0.001
0.997	0.001	0.001	0.001
0.001	0.001	0.997	0.001
>TTTTGACATT	16-TTTTGACATT,BestGuess:MA0222.1_exd/Jaspar(0.840)	6.878472	-64.072840	0	T:918.0(6.03%),B:1229.9(3.74%),P:1e-27
0.191	0.070	0.010	0.729
0.066	0.008	0.168	0.758
0.001	0.073	0.015	0.911
0.147	0.052	0.102	0.699
0.035	0.104	0.784	0.077
0.764	0.001	0.004	0.231
0.168	0.717	0.057	0.058
0.888	0.001	0.071	0.040
0.001	0.137	0.196	0.666
0.136	0.215	0.051	0.598
>ACCATGGA	14-ACCATGGA,BestGuess:MA0445.1_D/Jaspar(0.681)	4.013436	-56.905110	0	T:348.0(2.29%),B:339.8(1.03%),P:1e-24
0.997	0.001	0.001	0.001
0.145	0.853	0.001	0.001
0.001	0.997	0.001	0.001
0.997	0.001	0.001	0.001
0.001	0.001	0.001	0.997
0.001	0.001	0.997	0.001
0.090	0.001	0.908	0.001
0.944	0.054	0.001	0.001
>CATGGTGAAACG	18-CATGGTGAAACG,BestGuess:MA0204.1_Six4/Jaspar(0.655)	9.327908	-56.593552	0	T:67.0(0.44%),B:8.5(0.03%),P:1e-24
0.204	0.460	0.221	0.114
0.601	0.097	0.174	0.128
0.165	0.108	0.053	0.674
0.155	0.259	0.526	0.060
0.001	0.061	0.676	0.262
0.057	0.066	0.057	0.820
0.001	0.081	0.917	0.001
0.718	0.101	0.106	0.075
0.833	0.061	0.040	0.066
0.792	0.001	0.206	0.001
0.216	0.586	0.079	0.119
0.117	0.040	0.672	0.171
>GTGACGTTTA	18-GTGACGTTTA,BestGuess:MF0002.1_bZIP_CREB/G-box-like_subclass/Jaspar(0.833)	10.372400	-50.701873	0	T:54.0(0.35%),B:4.8(0.01%),P:1e-22
0.001	0.423	0.575	0.001
0.001	0.001	0.083	0.915
0.001	0.001	0.997	0.001
0.915	0.001	0.083	0.001
0.001	0.997	0.001	0.001
0.168	0.001	0.830	0.001
0.084	0.001	0.002	0.913
0.001	0.168	0.001	0.830
0.336	0.001	0.001	0.662
0.845	0.153	0.001	0.001
>GTCTTCAGGGAC	20-GTCTTCAGGGAC,BestGuess:POL008.1_DCE_S_I/Jaspar(0.624)	10.706588	-45.557687	0	T:45.0(0.30%),B:2.0(0.01%),P:1e-19
0.099	0.001	0.813	0.087
0.001	0.001	0.043	0.955
0.001	0.866	0.043	0.090
0.001	0.001	0.087	0.911
0.003	0.043	0.001	0.953
0.001	0.997	0.001	0.001
0.775	0.137	0.001	0.087
0.181	0.090	0.642	0.087
0.222	0.090	0.554	0.134
0.001	0.001	0.997	0.001
0.728	0.140	0.088	0.044
0.131	0.776	0.001	0.092
>AGGCGAAATGGG	21-AGGCGAAATGGG,BestGuess:prd/dmmpmm(Pollard)/fly(0.569)	10.793561	-43.340457	0	T:43.0(0.28%),B:3.0(0.01%),P:1e-18
0.943	0.001	0.001	0.055
0.056	0.028	0.860	0.056
0.061	0.084	0.799	0.056
0.195	0.665	0.112	0.028
0.089	0.056	0.771	0.084
0.914	0.001	0.084	0.001
0.916	0.028	0.028	0.028
0.831	0.028	0.028	0.113
0.056	0.028	0.084	0.832
0.112	0.084	0.748	0.056
0.093	0.028	0.795	0.084
0.001	0.029	0.942	0.028
>TTCAGAACTCAT	22-TTCAGAACTCAT,BestGuess:Unknown6/Drosophila-Promoters/Homer(0.564)	9.828392	-40.397559	0	T:65.0(0.43%),B:18.8(0.06%),P:1e-17
0.070	0.081	0.038	0.811
0.001	0.012	0.062	0.925
0.037	0.796	0.025	0.142
0.827	0.069	0.001	0.103
0.256	0.116	0.562	0.066
0.825	0.068	0.001	0.106
0.633	0.107	0.175	0.085
0.185	0.506	0.091	0.218
0.135	0.126	0.081	0.658
0.079	0.747	0.069	0.105
0.694	0.050	0.094	0.162
0.001	0.123	0.041	0.835
>CACGTG	16-CACGTG,BestGuess:MF0007.1_bHLH(zip)_class/Jaspar(0.935)	6.177716	-37.731316	0	T:425.0(2.79%),B:531.8(1.62%),P:1e-16
0.100	0.700	0.100	0.100
0.700	0.100	0.100	0.100
0.100	0.700	0.100	0.100
0.100	0.100	0.700	0.100
0.100	0.100	0.100	0.700
0.100	0.100	0.700	0.100
>RAGGGM	17-RAGGGM,BestGuess:pho/dmmpmm(Bergman)/fly(0.673)	4.499338	-36.280402	0	T:1598.0(10.50%),B:2690.5(8.19%),P:1e-15
0.535	0.001	0.463	0.001
0.990	0.001	0.008	0.001
0.079	0.001	0.899	0.021
0.001	0.001	0.997	0.001
0.001	0.076	0.922	0.001
0.427	0.571	0.001	0.001
>VTATAAAARSVR	1-VTATAAAARSVR,BestGuess:POL012.1_TATA-Box/Jaspar(0.962)	8.130351	-677.769341	0	T:1146.0(7.52%),B:336.5(1.02%),P:1e-294
0.264	0.261	0.380	0.095
0.011	0.001	0.001	0.987
0.974	0.001	0.001	0.024
0.001	0.001	0.001	0.997
0.997	0.001	0.001	0.001
0.586	0.001	0.001	0.412
0.997	0.001	0.001	0.001
0.871	0.001	0.001	0.127
0.406	0.102	0.388	0.104
0.215	0.313	0.397	0.074
0.239	0.329	0.263	0.169
0.296	0.205	0.366	0.133
>NNTCAGTCGW	2-NNTCAGTCGW,BestGuess:Initiator/Drosophila-Promoters/Homer(0.906)	5.392534	-595.044077	0	T:4364.0(28.63%),B:4929.2(15.01%),P:1e-258
0.237	0.298	0.261	0.204
0.278	0.155	0.289	0.278
0.116	0.121	0.294	0.469
0.001	0.972	0.001	0.026
0.975	0.004	0.009	0.012
0.001	0.001	0.937	0.061
0.361	0.029	0.001	0.609
0.211	0.550	0.001	0.238
0.269	0.065	0.446	0.220
0.287	0.168	0.182	0.363
>TGGCAACGYTGH	4-TGGCAACGYTGH,BestGuess:Unknown3/Drosophila-Promoters/Homer(0.763)	8.174257	-393.180096	0	T:626.0(4.11%),B:160.1(0.49%),P:1e-170
0.041	0.136	0.027	0.796
0.006	0.001	0.898	0.095
0.157	0.001	0.822	0.020
0.001	0.997	0.001	0.001
0.979	0.001	0.019	0.001
0.836	0.014	0.075	0.075
0.013	0.816	0.001	0.170
0.280	0.116	0.547	0.057
0.102	0.398	0.103	0.398
0.123	0.294	0.050	0.533
0.055	0.048	0.719	0.178
0.226	0.364	0.116	0.294
>CAAGATGGCG	5-CAAGATGGCG,BestGuess:MA0531.1_CTCF/Jaspar(0.796)	6.860825	-204.746562	0	T:762.0(5.00%),B:545.4(1.66%),P:1e-88
0.233	0.533	0.099	0.135
0.612	0.132	0.024	0.232
0.969	0.018	0.001	0.012
0.163	0.154	0.623	0.060
0.896	0.012	0.091	0.001
0.012	0.010	0.071	0.907
0.064	0.047	0.853	0.036
0.106	0.007	0.791	0.096
0.127	0.739	0.024	0.110
0.067	0.156	0.567	0.210
>GCATCTCCGACA	7-GCATCTCCGACA,BestGuess:Mad/dmmpmm(SeSiMCMC)/fly(0.547)	11.163318	-144.789926	0	T:136.0(0.89%),B:3.3(0.01%),P:1e-62
0.001	0.001	0.997	0.001
0.001	0.695	0.061	0.243
0.991	0.001	0.007	0.001
0.001	0.008	0.008	0.983
0.001	0.997	0.001	0.001
0.016	0.001	0.001	0.982
0.001	0.991	0.001	0.007
0.001	0.991	0.001	0.007
0.008	0.008	0.976	0.008
0.991	0.001	0.001	0.007
0.001	0.982	0.001	0.016
0.965	0.033	0.001	0.001
>TTGTCAGTTC	7-TTGTCAGTTC,BestGuess:MF0009.1_TRP(MYB)_class/Jaspar(0.739)	4.675455	-122.950126	0	T:3945.0(25.88%),B:6431.0(19.58%),P:1e-53
0.099	0.118	0.101	0.682
0.092	0.095	0.100	0.713
0.123	0.122	0.633	0.122
0.126	0.089	0.086	0.699
0.064	0.713	0.096	0.127
0.722	0.080	0.076	0.122
0.096	0.102	0.693	0.109
0.088	0.095	0.073	0.744
0.076	0.071	0.083	0.770
0.102	0.635	0.109	0.154
>CTGTTTAC	11-CTGTTTAC,BestGuess:MF0005.1_Forkhead_class/Jaspar(0.843)	4.079014	-118.185551	0	T:564.0(3.70%),B:476.6(1.45%),P:1e-51
0.001	0.918	0.017	0.064
0.001	0.001	0.001	0.997
0.001	0.001	0.997	0.001
0.001	0.001	0.001	0.997
0.001	0.001	0.001	0.997
0.001	0.001	0.001	0.997
0.997	0.001	0.001	0.001
0.001	0.968	0.001	0.030
>GGGTGAGAAAAA	9-GGGTGAGAAAAA,BestGuess:Trl/dmmpmm(Bigfoot)/fly(0.637)	9.326627	-109.924927	0	T:117.0(0.77%),B:8.9(0.03%),P:1e-47
0.010	0.001	0.988	0.001
0.001	0.001	0.997	0.001
0.010	0.001	0.988	0.001
0.001	0.001	0.001	0.997
0.001	0.001	0.997	0.001
0.997	0.001	0.001	0.001
0.001	0.010	0.709	0.280
0.783	0.215	0.001	0.001
0.997	0.001	0.001	0.001
0.997	0.001	0.001	0.001
0.988	0.010	0.001	0.001
0.997	0.001	0.001	0.001
>CGGCAACAACTG	10-CGGCAACAACTG,BestGuess:Aef1/dmmpmm(Pollard)/fly(0.745)	11.676258	-109.073961	0	T:107.0(0.70%),B:4.9(0.01%),P:1e-47
0.010	0.988	0.001	0.001
0.055	0.001	0.933	0.011
0.033	0.001	0.911	0.055
0.022	0.945	0.011	0.022
0.997	0.001	0.001	0.001
0.997	0.001	0.001	0.001
0.001	0.988	0.010	0.001
0.997	0.001	0.001	0.001
0.957	0.011	0.031	0.001
0.001	0.988	0.001	0.010
0.001	0.022	0.011	0.966
0.011	0.001	0.977	0.011
>AGAGAAAAGGCG	11-AGAGAAAAGGCG,BestGuess:pan/dmmpmm(Bergman)/fly(0.635)	11.496225	-96.140319	0	T:112.0(0.73%),B:12.5(0.04%),P:1e-41
0.987	0.011	0.001	0.001
0.011	0.001	0.987	0.001
0.987	0.011	0.001	0.001
0.012	0.012	0.975	0.001
0.997	0.001	0.001	0.001
0.997	0.001	0.001	0.001
0.987	0.001	0.001	0.011
0.997	0.001	0.001	0.001
0.025	0.001	0.962	0.012
0.001	0.001	0.754	0.244
0.001	0.962	0.001	0.036
0.037	0.091	0.822	0.050
>CCGCTAGAKG	10-CCGCTAGAKG,BestGuess:srp/dmmpmm(Pollard)/fly(0.612)	8.622371	-90.345954	0	T:169.0(1.11%),B:58.8(0.18%),P:1e-39
0.323	0.521	0.069	0.087
0.001	0.997	0.001	0.001
0.063	0.001	0.726	0.210
0.063	0.829	0.045	0.063
0.001	0.001	0.001	0.997
0.978	0.001	0.020	0.001
0.020	0.001	0.978	0.001
0.997	0.001	0.001	0.001
0.001	0.042	0.527	0.430
0.194	0.086	0.445	0.276
>MATMWGTCGAGT	13-MATMWGTCGAGT,BestGuess:MA0247.2_tin/Jaspar(0.717)	9.653458	-72.256705	0	T:97.0(0.64%),B:17.0(0.05%),P:1e-31
0.432	0.284	0.269	0.015
0.569	0.344	0.036	0.051
0.044	0.336	0.015	0.605
0.378	0.461	0.001	0.160
0.373	0.080	0.218	0.328
0.146	0.168	0.423	0.263
0.015	0.037	0.037	0.911
0.022	0.891	0.036	0.051
0.037	0.336	0.591	0.036
0.804	0.058	0.058	0.080
0.044	0.037	0.868	0.051
0.051	0.058	0.051	0.840
>CCATTTAGTTCC	14-CCATTTAGTTCC,BestGuess:kni/dmmpmm(Papatsenko)/fly(0.645)	9.174910	-70.570583	0	T:160.0(1.05%),B:72.2(0.22%),P:1e-30
0.172	0.567	0.058	0.203
0.028	0.938	0.033	0.001
0.856	0.001	0.057	0.086
0.001	0.028	0.115	0.856
0.001	0.001	0.001	0.997
0.001	0.208	0.028	0.763
0.704	0.147	0.003	0.146
0.001	0.087	0.736	0.176
0.143	0.028	0.001	0.828
0.001	0.001	0.001	0.997
0.115	0.702	0.151	0.032
0.001	0.679	0.057	0.263
>CACGTGTT	13-CACGTGTT,BestGuess:MF0007.1_bHLH(zip)_class/Jaspar(0.912)	5.746920	-70.046427	0	T:665.0(4.36%),B:778.7(2.37%),P:1e-30
0.035	0.867	0.036	0.062
0.936	0.001	0.062	0.001
0.001	0.997	0.001	0.001
0.024	0.001	0.896	0.079
0.001	0.036	0.001	0.962
0.001	0.001	0.915	0.083
0.034	0.107	0.094	0.765
0.085	0.070	0.102	0.743
>GGTYSTGACGTT	15-GGTYSTGACGTT,BestGuess:MF0002.1_bZIP_CREB/G-box-like_subclass/Jaspar(0.713)	10.932341	-57.137217	0	T:60.0(0.39%),B:4.3(0.01%),P:1e-24
0.001	0.001	0.997	0.001
0.170	0.001	0.828	0.001
0.001	0.001	0.001	0.997
0.001	0.524	0.001	0.474
0.170	0.379	0.450	0.001
0.001	0.001	0.001	0.997
0.171	0.171	0.657	0.001
0.961	0.037	0.001	0.001
0.038	0.791	0.001	0.170
0.001	0.001	0.997	0.001
0.001	0.001	0.001	0.997
0.001	0.001	0.001	0.997
>TTCAHAACTCRT	16-TTCAHAACTCRT,BestGuess:pros/dmmpmm(Bergman)/fly(0.529)	9.028453	-56.638789	0	T:120.0(0.79%),B:50.5(0.15%),P:1e-24
0.082	0.001	0.075	0.842
0.001	0.130	0.025	0.844
0.001	0.822	0.100	0.077
0.924	0.001	0.074	0.001
0.310	0.386	0.053	0.251
0.641	0.001	0.001	0.357
0.695	0.303	0.001	0.001
0.050	0.899	0.001	0.050
0.334	0.001	0.051	0.614
0.075	0.899	0.001	0.025
0.484	0.075	0.363	0.078
0.025	0.076	0.001	0.898
