Now running MotifSetReduce.pl with arguments -m /Users/xiangyuyao/I692/data/motif_group5.txt -l 5 -t 0.09 -c 0.5 ...



Consensus motifs at merging threshold 0.09:

DE	motif_Train3_22 (10 positions) IC= 18.832
0.001	0.001	0.997	0.001	G	1.966
0.997	0.001	0.001	0.001	A	1.966
0.001	0.997	0.001	0.001	C	1.966
0.001	0.001	0.997	0.001	G	1.966
0.001	0.950	0.017	0.032	C	1.661
0.997	0.001	0.001	0.001	A	1.966
0.001	0.001	0.997	0.001	G	1.966
0.001	0.997	0.001	0.001	C	1.966
0.903	0.032	0.001	0.064	A	1.444
0.001	0.001	0.997	0.001	G	1.966
XX

DE	motif_Train5_23 (12 positions) IC= 15.931
0.886	0.001	0.112	0.001	A	1.472
0.997	0.001	0.001	0.001	A	1.966
0.053	0.113	0.015	0.819	T	1.093
0.494	0.001	0.504	0.001	R	0.979
0.600	0.001	0.398	0.001	A	1.009
0.001	0.113	0.876	0.010	G	1.401
0.001	0.760	0.001	0.238	C	1.186
0.597	0.001	0.401	0.001	R	1.007
0.989	0.009	0.001	0.001	A	1.903
0.997	0.001	0.001	0.001	A	1.966
0.651	0.001	0.235	0.113	A	0.740
0.001	0.773	0.225	0.001	C	1.209
XX

DE	motif_10_2mmmt (5 positions) IC=  6.100
0.028	0.890	0.001	0.081	C	1.401
0.967	0.001	0.026	0.006	A	1.764
0.003	0.044	0.868	0.084	G	1.297
0.289	0.014	0.008	0.690	T	0.973
0.116	0.593	0.001	0.290	Y	0.665
XX

DE	motif_Train4_25 (6 positions) IC=  3.859
0.100	0.700	0.100	0.100	C	0.643
0.700	0.100	0.100	0.100	A	0.643
0.100	0.700	0.100	0.100	C	0.643
0.100	0.100	0.700	0.100	G	0.643
0.100	0.100	0.100	0.700	T	0.643
0.100	0.100	0.700	0.100	G	0.643
XX
