Now running MotifSetReduce.pl with arguments -m Group7 -l 5 -t 0.09 -c 0.5 ...



Consensus motifs at merging threshold 0.09:

DE	motif_Train1_18 (12 positions) IC= 19.354
0.001	0.001	0.001	0.997	T	1.966
0.145	0.001	0.001	0.853	T	1.380
0.001	0.997	0.001	0.001	C	1.966
0.997	0.001	0.001	0.001	A	1.966
0.853	0.001	0.001	0.145	A	1.380
0.853	0.001	0.001	0.145	A	1.380
0.202	0.729	0.068	0.001	C	0.928
0.001	0.997	0.001	0.001	C	1.966
0.001	0.001	0.290	0.708	T	1.109
0.001	0.997	0.001	0.001	C	1.966
0.853	0.001	0.001	0.145	A	1.380
0.001	0.001	0.001	0.997	T	1.966
XX

DE	motif_Train5_16 (12 positions) IC= 13.062
0.082	0.001	0.075	0.842	T	1.205
0.001	0.130	0.025	0.844	T	1.268
0.001	0.822	0.100	0.077	C	1.141
0.924	0.001	0.074	0.001	A	1.597
0.310	0.386	0.053	0.251	N	0.221
0.641	0.001	0.001	0.357	A	1.038
0.695	0.303	0.001	0.001	A	1.093
0.050	0.899	0.001	0.050	C	1.420
0.334	0.001	0.051	0.614	T	0.811
0.075	0.899	0.001	0.025	C	1.439
0.484	0.075	0.363	0.078	R	0.395
0.025	0.076	0.001	0.898	T	1.435
XX

DE	motif_10_20mm (10 positions) IC=  9.923
0.001	0.007	0.054	0.939	T	1.629
0.019	0.817	0.047	0.117	C	1.082
0.895	0.047	0.001	0.057	A	1.403
0.170	0.092	0.693	0.045	G	0.680
0.785	0.069	0.001	0.146	A	1.046
0.678	0.101	0.167	0.054	A	0.628
0.097	0.668	0.069	0.166	C	0.588
0.068	0.068	0.052	0.812	T	1.006
0.062	0.756	0.047	0.135	C	0.847
0.811	0.049	0.048	0.093	A	1.015
XX
