Now running MotifSetReduce.pl with arguments -m /Users/xiangyuyao/I692/data/motif_group7.txt -l 5 -t 0.09 -c 0.5 ...



Consensus motifs at merging threshold 0.09:

DE	motif_Train1_19 (12 positions) IC= 20.473
0.001	0.001	0.997	0.001	G	1.966
0.001	0.001	0.001	0.997	T	1.966
0.001	0.997	0.001	0.001	C	1.966
0.001	0.001	0.001	0.997	T	1.966
0.001	0.001	0.001	0.997	T	1.966
0.001	0.997	0.001	0.001	C	1.966
0.997	0.001	0.001	0.001	A	1.966
0.203	0.001	0.795	0.001	G	1.250
0.011	0.001	0.987	0.001	G	1.890
0.001	0.001	0.997	0.001	G	1.966
0.591	0.204	0.204	0.001	M	0.606
0.001	0.585	0.001	0.413	Y	1.001
XX

DE	motif_Train4_19 (8 positions) IC= 14.425
0.997	0.001	0.001	0.001	A	1.966
0.145	0.853	0.001	0.001	C	1.380
0.001	0.997	0.001	0.001	C	1.966
0.997	0.001	0.001	0.001	A	1.966
0.001	0.001	0.001	0.997	T	1.966
0.001	0.001	0.997	0.001	G	1.966
0.090	0.001	0.908	0.001	G	1.541
0.944	0.054	0.001	0.001	A	1.674
XX

DE	motif_Train5_19 (12 positions) IC= 14.421
0.021	0.915	0.021	0.043	C	1.453
0.977	0.001	0.021	0.001	A	1.830
0.001	0.085	0.893	0.021	G	1.425
0.001	0.956	0.001	0.042	C	1.726
0.043	0.097	0.775	0.085	G	0.891
0.021	0.904	0.021	0.054	C	1.407
0.765	0.021	0.001	0.213	A	1.102
0.065	0.859	0.012	0.064	C	1.225
0.085	0.064	0.043	0.808	T	1.000
0.665	0.130	0.150	0.055	A	0.585
0.085	0.106	0.043	0.766	T	0.865
0.085	0.732	0.001	0.182	C	0.911
XX

DE	motif_Train2_18 (12 positions) IC= 14.374
0.911	0.029	0.059	0.001	A	1.478
0.852	0.059	0.088	0.001	A	1.244
0.062	0.059	0.060	0.819	T	1.031
0.118	0.001	0.793	0.088	G	1.052
0.066	0.001	0.904	0.029	G	1.451
0.089	0.030	0.763	0.118	G	0.876
0.030	0.909	0.030	0.031	C	1.416
0.119	0.059	0.821	0.001	G	1.150
0.615	0.266	0.089	0.030	A	0.598
0.969	0.001	0.001	0.029	A	1.788
0.793	0.059	0.089	0.059	A	0.942
0.059	0.881	0.059	0.001	C	1.347
XX

DE	motif_Train3_19 (10 positions) IC= 14.332
0.001	0.001	0.001	0.997	T	1.966
0.008	0.001	0.935	0.056	G	1.611
0.940	0.058	0.001	0.001	A	1.658
0.590	0.077	0.247	0.086	R	0.463
0.900	0.001	0.038	0.061	A	1.428
0.001	0.990	0.008	0.001	C	1.910
0.001	0.230	0.768	0.001	G	1.200
0.884	0.001	0.077	0.038	A	1.369
0.006	0.008	0.982	0.004	G	1.842
0.633	0.001	0.032	0.334	A	0.885
XX

DE	motif_Train9_19t (10 positions) IC= 11.383
0.055	0.054	0.863	0.028	G	1.215
0.001	0.001	0.276	0.722	T	1.128
0.476	0.081	0.165	0.278	W	0.254
0.083	0.001	0.915	0.001	G	1.565
0.028	0.001	0.582	0.389	K	0.861
0.001	0.997	0.001	0.001	C	1.966
0.027	0.249	0.055	0.669	T	0.742
0.447	0.277	0.001	0.275	N	0.446
0.001	0.026	0.001	0.972	T	1.803
0.001	0.082	0.890	0.027	G	1.404
XX

DE	motif_10_1mmmt (7 positions) IC= 10.517
0.013	0.012	0.021	0.954	T	1.662
0.940	0.007	0.018	0.035	A	1.592
0.009	0.007	0.017	0.967	T	1.741
0.984	0.003	0.005	0.008	A	1.857
0.666	0.003	0.020	0.310	A	0.946
0.978	0.004	0.016	0.002	A	1.821
0.701	0.007	0.044	0.248	A	0.896
XX
