Now running MotifSetReduce.pl with arguments -m /Users/xiangyuyao/I692/data/motif_group2.txt -l 5 -t 0.09 -c 0.5 ...



Consensus motifs at merging threshold 0.09:

DE	motif_10_8mmmmmm (10 positions) IC= 12.350
0.090	0.028	0.858	0.024	G	1.224
0.006	0.019	0.974	0.001	G	1.797
0.061	0.002	0.922	0.015	G	1.537
0.016	0.191	0.016	0.778	T	1.073
0.217	0.083	0.626	0.074	G	0.523
0.918	0.078	0.001	0.003	A	1.564
0.003	0.040	0.476	0.481	K	0.771
0.457	0.382	0.020	0.141	M	0.443
0.968	0.014	0.003	0.015	A	1.754
0.954	0.015	0.025	0.006	A	1.666
XX

DE	motif_Train7_5 (12 positions) IC= 10.368
0.084	0.042	0.725	0.149	G	0.762
0.075	0.074	0.809	0.042	G	1.002
0.320	0.021	0.648	0.011	G	0.880
0.042	0.001	0.053	0.904	T	1.442
0.117	0.276	0.300	0.307	N	0.081
0.521	0.011	0.414	0.054	R	0.684
0.043	0.234	0.363	0.360	N	0.253
0.459	0.467	0.042	0.032	M	0.620
0.863	0.021	0.074	0.042	A	1.229
0.926	0.021	0.032	0.021	A	1.504
0.586	0.403	0.010	0.001	M	0.943
0.788	0.106	0.085	0.021	A	0.967
XX
